0.000000	NaN	NaN
0.000000	NaN	NaN
400.000000	0.713822	0.005733
410.000000	0.786836	0.004595
420.000000	0.836459	0.002269
430.000000	0.847975	0.001041
440.000000	0.852662	0.000745
450.000000	0.858066	0.000842
460.000000	0.868235	0.001570
470.000000	0.873981	0.000753
480.000000	0.883362	0.000620
490.000000	0.888808	0.000822
500.000000	0.885325	0.001192
510.000000	0.885859	0.000450
520.000000	0.895389	0.000362
530.000000	0.906018	0.000531
540.000000	0.911486	0.000657
550.000000	0.914182	0.000351
560.000000	0.913403	0.000299
570.000000	0.907330	0.000485
580.000000	0.897905	0.000404
590.000000	0.884762	0.000303
600.000000	0.868136	0.000344
610.000000	0.849154	0.000343
620.000000	0.827235	0.000432
630.000000	0.802374	0.000265
640.000000	0.778009	0.000374
650.000000	0.753882	0.000462
660.000000	0.729529	0.000348
670.000000	0.707496	0.000246
680.000000	0.683370	0.000907
690.000000	0.666808	0.000303
700.000000	0.650247	0.000236
710.000000	0.637061	0.000175
720.000000	0.625472	0.000193
730.000000	0.614330	0.000233
740.000000	0.602624	0.000218
750.000000	0.587670	0.000193
760.000000	0.570851	0.001026
770.000000	0.549460	0.000174
780.000000	0.526305	0.000428
790.000000	0.502922	0.000133
800.000000	0.478583	0.000159
810.000000	0.454802	0.000145
820.000000	0.432399	0.000174
830.000000	0.411494	0.000191
840.000000	0.391881	0.000125
850.000000	0.374744	0.000116
860.000000	0.359974	0.000075
870.000000	0.347149	0.000129
880.000000	0.337053	0.000595
890.000000	0.327140	0.000098
900.000000	0.320524	0.000114
910.000000	0.315499	0.000083
920.000000	0.312157	0.000103
930.000000	0.310759	0.000076
940.000000	0.310468	0.000137
950.000000	0.311533	0.000108
960.000000	0.313194	0.000088
970.000000	0.316107	0.000104
980.000000	0.319670	0.000128
990.000000	0.323770	0.000104
1000.000000	0.327878	0.001015
1010.000000	0.331594	0.000337
1020.000000	0.336168	0.000427
1030.000000	0.339911	0.000574
1040.000000	0.341906	0.000475
1050.000000	0.344665	0.000403
1060.000000	0.347239	0.000500
1070.000000	0.348584	0.000409
1080.000000	0.348753	0.000415
1090.000000	0.348645	0.000316
1100.000000	0.345371	0.002491
1110.000000	0.347575	0.000912
1120.000000	0.348175	0.000547
1130.000000	0.349032	0.000810
1140.000000	0.348170	0.000641
1150.000000	0.348958	0.000789
1160.000000	0.348154	0.000733
1170.000000	0.348812	0.000311
1180.000000	0.350332	0.000605
1190.000000	0.351405	0.000510
1200.000000	0.352640	0.000358
1210.000000	0.355708	0.000427
1220.000000	0.357964	0.000485
1230.000000	0.360230	0.000365
1240.000000	0.363721	0.000523
1250.000000	0.367863	0.000368
1260.000000	0.373130	0.000517
1270.000000	0.378883	0.000674
1280.000000	0.387281	0.000319
1290.000000	0.395644	0.000404
1300.000000	0.404084	0.000372
1310.000000	0.413922	0.000260
1320.000000	0.425160	0.000261
1330.000000	0.433778	0.000342
1340.000000	0.443659	0.000446
1350.000000	0.459135	0.000269
1360.000000	0.472269	0.000409
1370.000000	0.469612	0.000530
1380.000000	0.491772	0.000541
1390.000000	0.488151	0.000234
1400.000000	0.493469	0.000515
1410.000000	0.494338	0.000338
1420.000000	0.495172	0.000274
1430.000000	0.489401	0.000445
1440.000000	0.472369	0.000277
1450.000000	0.447737	0.000471
1460.000000	0.417130	0.000252
1470.000000	0.383358	0.000473
1480.000000	0.351882	0.000232
1490.000000	0.327170	0.000638
1500.000000	0.310467	0.000235
1510.000000	0.299723	0.000312
1520.000000	0.292703	0.000261
1530.000000	0.288153	0.000196
1540.000000	0.285050	0.000310
1550.000000	0.281193	0.000477
1560.000000	0.276378	0.000242
1570.000000	0.271717	0.000307
1580.000000	0.269452	0.000473
1590.000000	0.269083	0.000230
1600.000000	0.273839	0.000453
1610.000000	0.274789	0.000200
1620.000000	0.277693	0.000179
1630.000000	0.280307	0.000165
1640.000000	0.283914	0.000124
1650.000000	0.288059	0.000194
1660.000000	0.293069	0.000171
1670.000000	0.297955	0.000189
1680.000000	0.303444	0.000115
1690.000000	0.310162	0.000144
1700.000000	0.317804	0.000235
1710.000000	0.326151	0.000132
1720.000000	0.334822	0.000239
1730.000000	0.342607	0.000283
1740.000000	0.349369	0.000225
1750.000000	0.354397	0.000171
1760.000000	0.357913	0.000191
1770.000000	0.361160	0.000127
1780.000000	0.363387	0.000166
1790.000000	0.367566	0.000206
1800.000000	0.374824	0.000138
1810.000000	0.384281	0.000216
1820.000000	0.391444	0.000308
1830.000000	0.399890	0.000360
1840.000000	0.400092	0.000214
1850.000000	0.399419	0.000216
1860.000000	0.402356	0.000211
1870.000000	0.391915	0.000326
1880.000000	0.366280	0.000163
1890.000000	0.352946	0.000277
1900.000000	0.324096	0.000263
1910.000000	0.283451	0.000295
1920.000000	0.247680	0.000382
1930.000000	0.213962	0.000652
1940.000000	0.184787	0.000157
1950.000000	0.160562	0.000219
1960.000000	0.141209	0.000269
1970.000000	0.126026	0.000171
1980.000000	0.115293	0.000439
1990.000000	0.110245	0.000207
2000.000000	0.106504	0.000333
2010.000000	0.102856	0.000210
2020.000000	0.099284	0.000337
2030.000000	0.096138	0.000321
2040.000000	0.094985	0.000235
2050.000000	0.095563	0.000113
2060.000000	0.097384	0.000225
2070.000000	0.100274	0.000190
2080.000000	0.102234	0.000149
2090.000000	0.102475	0.000361
2100.000000	0.101692	0.000263
2110.000000	0.099927	0.000333
2120.000000	0.097513	0.000399
2130.000000	0.095353	0.000409
2140.000000	0.093194	0.000130
2150.000000	0.092690	0.000305
2160.000000	0.092488	0.000224
2170.000000	0.094738	0.000150
2180.000000	0.099309	0.000180
2190.000000	0.107154	0.000285
2200.000000	0.115882	0.000406
2210.000000	0.123062	0.000307
2220.000000	0.129559	0.000446
2230.000000	0.137546	0.000470
2240.000000	0.147537	0.000428
2250.000000	0.159505	0.000419
2260.000000	0.172654	0.000302
2270.000000	0.184363	0.000240
2280.000000	0.191307	0.000205
2290.000000	0.191878	0.000272
2300.000000	0.189059	0.000458
2310.000000	0.187109	0.000160
2320.000000	0.183824	0.000315
2330.000000	0.179260	0.000334
2340.000000	0.174125	0.000985
2350.000000	0.166479	0.000325
2360.000000	0.158522	0.000474
2370.000000	0.150037	0.000232
2380.000000	0.141938	0.000435
2390.000000	0.133672	0.000332
2400.000000	0.126569	0.000618
2410.000000	0.121513	0.000373
2420.000000	0.116867	0.000260
2430.000000	0.115713	0.000245
2440.000000	0.116604	0.000329
2450.000000	0.120723	0.000474
2460.000000	0.125821	0.000227
2470.000000	0.130303	0.000565
2480.000000	0.132522	0.000354
2490.000000	0.131479	0.000656
2500.000000	0.128809	0.000189
2510.000000	0.125356	0.000546
2520.000000	0.123478	0.001206
2530.000000	0.120002	0.000213
2540.000000	0.117663	0.000746
2550.000000	0.113109	0.000441
2560.000000	0.115718	0.000897
2570.000000	0.109888	0.000414
2580.000000	0.110810	0.000844
2590.000000	0.106258	0.004290
2600.000000	0.106740	0.001318
2610.000000	0.103717	0.001438
2620.000000	0.097084	0.000594
2630.000000	0.093551	0.003273
2640.000000	0.089040	0.001343
2650.000000	0.092871	0.000497
2660.000000	0.098551	0.001345
2670.000000	0.093814	0.006208
2680.000000	0.069300	0.002696
2690.000000	0.071365	0.000954
2700.000000	0.064121	0.000596
2710.000000	0.060911	0.000833
2720.000000	0.053317	0.001568
2730.000000	0.045359	0.000700
2740.000000	0.039318	0.000963
2750.000000	0.034595	0.001365
2760.000000	0.035499	0.003480
2770.000000	0.026036	0.001807
2780.000000	0.022675	0.000499
2790.000000	0.019415	0.000542
2800.000000	0.018232	0.000409
2810.000000	0.015353	0.001320
2820.000000	0.015188	0.000814
2830.000000	0.013805	0.000674
2840.000000	0.012589	0.000243
2850.000000	0.011745	0.000234
2860.000000	0.011910	0.000364
2870.000000	0.011391	0.000369
2880.000000	0.011493	0.000250
2890.000000	0.012310	0.000161
2900.000000	0.012726	0.000298
2910.000000	0.013445	0.000357
2920.000000	0.015791	0.000810
2930.000000	0.016528	0.000242
2940.000000	0.018796	0.000337
2950.000000	0.020487	0.000361
2960.000000	0.023696	0.000209
2970.000000	0.026936	0.000326
2980.000000	0.030254	0.000299
2990.000000	0.032808	0.000311
3000.000000	0.035953	0.000129
3010.000000	0.039499	0.000503
3020.000000	0.042959	0.000337
3030.000000	0.046479	0.000190
3040.000000	0.049823	0.000332
3050.000000	0.052607	0.000236
3060.000000	0.055150	0.000328
3070.000000	0.056636	0.000298
3080.000000	0.057874	0.000206
3090.000000	0.059041	0.000238
3100.000000	0.060826	0.000311
3110.000000	0.061508	0.000250
3120.000000	0.062378	0.000285
3130.000000	0.062992	0.000155
3140.000000	0.062227	0.000217
3150.000000	0.061944	0.000493
3160.000000	0.060955	0.000247
3170.000000	0.059712	0.000123
3180.000000	0.058612	0.000165
3190.000000	0.057736	0.000166
3200.000000	0.056369	0.000171
3220.000000	0.054775	0.000239
3240.000000	0.054851	0.000202
3260.000000	0.055246	0.000465
3280.000000	0.056045	0.000205
3300.000000	0.056642	0.000213
3320.000000	0.056641	0.000233
3340.000000	0.055146	0.000317
3360.000000	0.053467	0.000261
3380.000000	0.051807	0.000255
3400.000000	0.050084	0.000182
3420.000000	0.049198	0.000179
3440.000000	0.048343	0.000179
3460.000000	0.047436	0.000394
3480.000000	0.046949	0.000247
3500.000000	0.046928	0.000132
3520.000000	0.047328	0.000165
3540.000000	0.047815	0.000361
3560.000000	0.047369	0.000188
3580.000000	0.047454	0.000254
3600.000000	0.047601	0.000150
3620.000000	0.048070	0.000401
3640.000000	0.048483	0.000201
3660.000000	0.049148	0.000296
3680.000000	0.050252	0.000374
3700.000000	0.051186	0.000323
3720.000000	0.051989	0.000276
3740.000000	0.054055	0.000307
3760.000000	0.053978	0.000252
3780.000000	0.055208	0.000327
3800.000000	0.056645	0.000436
3820.000000	0.057316	0.000701
3840.000000	0.057748	0.000368
3860.000000	0.058098	0.000216
3880.000000	0.057937	0.000207
3900.000000	0.057351	0.000636
3920.000000	0.056788	0.000316
3940.000000	0.056353	0.000499
3960.000000	0.056023	0.001116
3980.000000	0.053904	0.000953
4000.000000	0.053509	0.000202
4020.000000	0.052724	0.000402
4040.000000	0.051476	0.000580
4060.000000	0.051745	0.000741
4080.000000	0.050511	0.000618
4100.000000	0.049974	0.000388
4120.000000	0.049683	0.001370
4140.000000	0.048523	0.000535
4160.000000	0.048976	0.000849
4180.000000	0.052889	0.002756
