0.000000	NaN	NaN
0.000000	NaN	NaN
400.000000	0.676189	0.005613
410.000000	0.760465	0.006632
420.000000	0.806737	0.003439
430.000000	0.818565	0.003247
440.000000	0.825228	0.002376
450.000000	0.832845	0.001123
460.000000	0.843843	0.000785
470.000000	0.850562	0.000872
480.000000	0.860395	0.000715
490.000000	0.865524	0.000924
500.000000	0.863056	0.001697
510.000000	0.863944	0.000840
520.000000	0.875386	0.000910
530.000000	0.885312	0.000537
540.000000	0.891816	0.000388
550.000000	0.895042	0.000376
560.000000	0.893050	0.000375
570.000000	0.888673	0.000344
580.000000	0.879874	0.000475
590.000000	0.865972	0.000290
600.000000	0.849505	0.000291
610.000000	0.828889	0.000240
620.000000	0.805358	0.000274
630.000000	0.780551	0.000396
640.000000	0.755485	0.000302
650.000000	0.729311	0.000213
660.000000	0.703849	0.000364
670.000000	0.680634	0.000234
680.000000	0.650123	0.000787
690.000000	0.632173	0.000267
700.000000	0.616708	0.000207
710.000000	0.602261	0.000382
720.000000	0.590110	0.000262
730.000000	0.577951	0.000195
740.000000	0.565035	0.000187
750.000000	0.549849	0.000204
760.000000	0.532461	0.000220
770.000000	0.511636	0.000226
780.000000	0.487721	0.000208
790.000000	0.462911	0.000192
800.000000	0.437969	0.000208
810.000000	0.413274	0.000176
820.000000	0.389446	0.000121
830.000000	0.367611	0.000114
840.000000	0.347977	0.000184
850.000000	0.330731	0.000115
860.000000	0.315984	0.000134
870.000000	0.303237	0.000134
880.000000	0.292448	0.000108
890.000000	0.283690	0.000082
900.000000	0.276732	0.000173
910.000000	0.271705	0.000527
920.000000	0.268050	0.000099
930.000000	0.266412	0.000119
940.000000	0.265986	0.000099
950.000000	0.266745	0.000072
960.000000	0.268491	0.000104
970.000000	0.271281	0.000077
980.000000	0.274602	0.000087
990.000000	0.278871	0.000075
1000.000000	0.284953	0.000579
1010.000000	0.289765	0.000377
1020.000000	0.292800	0.000362
1030.000000	0.295629	0.000377
1040.000000	0.299779	0.000469
1050.000000	0.301950	0.000461
1060.000000	0.303111	0.000630
1070.000000	0.305313	0.000450
1080.000000	0.305702	0.000658
1090.000000	0.305197	0.000618
1100.000000	0.308151	0.002319
1110.000000	0.304598	0.000582
1120.000000	0.305949	0.000549
1130.000000	0.307079	0.001753
1140.000000	0.305293	0.000507
1150.000000	0.305570	0.000395
1160.000000	0.305674	0.000327
1170.000000	0.306017	0.000584
1180.000000	0.306187	0.000503
1190.000000	0.308801	0.000406
1200.000000	0.309692	0.000216
1210.000000	0.312225	0.000457
1220.000000	0.314496	0.000319
1230.000000	0.316935	0.000515
1240.000000	0.320236	0.000425
1250.000000	0.324059	0.000457
1260.000000	0.328738	0.000346
1270.000000	0.334682	0.000389
1280.000000	0.342075	0.000253
1290.000000	0.350380	0.000189
1300.000000	0.359463	0.000313
1310.000000	0.368745	0.000460
1320.000000	0.380313	0.000164
1330.000000	0.388961	0.000429
1340.000000	0.399314	0.000422
1350.000000	0.410924	0.000544
1360.000000	0.420823	0.000364
1370.000000	0.421068	0.000357
1380.000000	0.439430	0.000586
1390.000000	0.439322	0.000387
1400.000000	0.443995	0.000550
1410.000000	0.445376	0.000273
1420.000000	0.446258	0.000188
1430.000000	0.441066	0.000426
1440.000000	0.424753	0.000389
1450.000000	0.399825	0.000323
1460.000000	0.368727	0.000242
1470.000000	0.334258	0.000768
1480.000000	0.303451	0.000160
1490.000000	0.279311	0.000402
1500.000000	0.263453	0.000432
1510.000000	0.253003	0.000235
1520.000000	0.245707	0.000290
1530.000000	0.241614	0.000346
1540.000000	0.238839	0.000323
1550.000000	0.235170	0.000261
1560.000000	0.230452	0.000248
1570.000000	0.226333	0.000301
1580.000000	0.223067	0.000283
1590.000000	0.223568	0.000387
1600.000000	0.226335	0.000204
1610.000000	0.228032	0.000096
1620.000000	0.230309	0.000135
1630.000000	0.232967	0.000134
1640.000000	0.236123	0.000141
1650.000000	0.240027	0.000246
1660.000000	0.244799	0.000109
1670.000000	0.249863	0.000164
1680.000000	0.254744	0.000149
1690.000000	0.261325	0.000124
1700.000000	0.268479	0.000193
1710.000000	0.276813	0.000092
1720.000000	0.285388	0.000178
1730.000000	0.293004	0.000138
1740.000000	0.299246	0.000174
1750.000000	0.304213	0.000174
1760.000000	0.307849	0.000184
1770.000000	0.310483	0.000141
1780.000000	0.313202	0.000139
1790.000000	0.317382	0.000220
1800.000000	0.323815	0.000187
1810.000000	0.331324	0.000275
1820.000000	0.337039	0.000167
1830.000000	0.344260	0.000201
1840.000000	0.344215	0.000138
1850.000000	0.344261	0.000238
1860.000000	0.345819	0.000143
1870.000000	0.335426	0.000166
1880.000000	0.313061	0.000150
1890.000000	0.298410	0.000241
1900.000000	0.268271	0.000287
1910.000000	0.229285	0.000855
1920.000000	0.197892	0.000205
1930.000000	0.168117	0.000235
1940.000000	0.141423	0.000204
1950.000000	0.120262	0.000170
1960.000000	0.101570	0.000938
1970.000000	0.089047	0.000161
1980.000000	0.080823	0.000138
1990.000000	0.075485	0.000127
2000.000000	0.072697	0.000104
2010.000000	0.070060	0.000243
2020.000000	0.067138	0.000282
2030.000000	0.063823	0.001226
2040.000000	0.063263	0.000197
2050.000000	0.063635	0.000235
2060.000000	0.065624	0.000304
2070.000000	0.067230	0.000258
2080.000000	0.069246	0.000331
2090.000000	0.069988	0.000290
2100.000000	0.068956	0.000285
2110.000000	0.067385	0.000182
2120.000000	0.065342	0.000342
2130.000000	0.063407	0.000314
2140.000000	0.061733	0.000385
2150.000000	0.061164	0.000300
2160.000000	0.061535	0.000084
2170.000000	0.062915	0.000303
2180.000000	0.067097	0.000493
2190.000000	0.073272	0.000124
2200.000000	0.080412	0.000491
2210.000000	0.087747	0.001305
2220.000000	0.092149	0.000477
2230.000000	0.098905	0.000151
2240.000000	0.108269	0.000429
2250.000000	0.118948	0.000181
2260.000000	0.130477	0.000230
2270.000000	0.141195	0.000385
2280.000000	0.147430	0.000298
2290.000000	0.148230	0.000302
2300.000000	0.144875	0.000344
2310.000000	0.142823	0.000235
2320.000000	0.140797	0.000283
2330.000000	0.136212	0.000326
2340.000000	0.130514	0.000344
2350.000000	0.124438	0.000371
2360.000000	0.117547	0.000433
2370.000000	0.110406	0.000456
2380.000000	0.102822	0.000239
2390.000000	0.095923	0.000335
2400.000000	0.089764	0.000295
2410.000000	0.085311	0.000238
2420.000000	0.081577	0.000526
2430.000000	0.080370	0.000363
2440.000000	0.081259	0.000508
2450.000000	0.083799	0.000358
2460.000000	0.088743	0.000673
2470.000000	0.092106	0.000535
2480.000000	0.093569	0.000369
2490.000000	0.092926	0.000164
2500.000000	0.090777	0.000390
2510.000000	0.086952	0.000470
2520.000000	0.084544	0.000575
2530.000000	0.082827	0.000423
2540.000000	0.079879	0.000837
2550.000000	0.076062	0.000262
2560.000000	0.077353	0.000851
2570.000000	0.070562	0.001979
2580.000000	0.072606	0.000788
2590.000000	0.070468	0.000858
2600.000000	0.070213	0.000677
2610.000000	0.065836	0.001185
2620.000000	0.062557	0.000790
2630.000000	0.060057	0.000486
2640.000000	0.057846	0.000331
2650.000000	0.059067	0.001128
2660.000000	0.063513	0.004604
2670.000000	0.056918	0.004519
2680.000000	0.049821	0.003595
2690.000000	0.042353	0.000942
2700.000000	0.038277	0.000468
2710.000000	0.036468	0.000972
2720.000000	0.030850	0.002923
2730.000000	0.023319	0.000523
2740.000000	0.019949	0.000998
2750.000000	0.017599	0.000728
2760.000000	0.015490	0.001376
2770.000000	0.012332	0.000786
2780.000000	0.011993	0.001144
2790.000000	0.008387	0.000598
2800.000000	0.008766	0.001353
2810.000000	0.006879	0.000966
2820.000000	0.006622	0.000583
2830.000000	0.006395	0.000751
2840.000000	0.005954	0.000545
2850.000000	0.005895	0.000269
2860.000000	0.005670	0.000078
2870.000000	0.005939	0.000146
2880.000000	0.005631	0.000421
2890.000000	0.005716	0.000132
2900.000000	0.006253	0.000187
2910.000000	0.006976	0.000183
2920.000000	0.007429	0.000243
2930.000000	0.007978	0.000406
2940.000000	0.009152	0.000208
2950.000000	0.010498	0.000145
2960.000000	0.011950	0.000375
2970.000000	0.012793	0.000939
2980.000000	0.015043	0.000273
2990.000000	0.016512	0.000139
3000.000000	0.018000	0.000357
3010.000000	0.019999	0.000179
3020.000000	0.021424	0.000273
3030.000000	0.023434	0.000318
3040.000000	0.025372	0.000358
3050.000000	0.026873	0.000163
3060.000000	0.027728	0.000167
3070.000000	0.029082	0.000369
3080.000000	0.029906	0.000189
3090.000000	0.030439	0.000264
3100.000000	0.031178	0.000148
3110.000000	0.031682	0.000448
3120.000000	0.031784	0.000270
3130.000000	0.032447	0.000155
3140.000000	0.032251	0.000270
3150.000000	0.032214	0.000249
3160.000000	0.031542	0.000359
3170.000000	0.030603	0.000358
3180.000000	0.030012	0.000327
3190.000000	0.029553	0.000222
3200.000000	0.029201	0.000250
3220.000000	0.028230	0.000301
3240.000000	0.028312	0.000263
3260.000000	0.028908	0.000277
3280.000000	0.029372	0.000186
3300.000000	0.029822	0.000282
3320.000000	0.029769	0.000196
3340.000000	0.028614	0.000240
3360.000000	0.027554	0.000421
3380.000000	0.026883	0.000192
3400.000000	0.026064	0.000151
3420.000000	0.025472	0.000459
3440.000000	0.024924	0.000403
3460.000000	0.024377	0.000375
3480.000000	0.024609	0.000175
3500.000000	0.024229	0.000232
3520.000000	0.024479	0.000345
3540.000000	0.024392	0.000257
3560.000000	0.024871	0.000299
3580.000000	0.024722	0.000310
3600.000000	0.025167	0.000474
3620.000000	0.025273	0.000592
3640.000000	0.025923	0.000265
3660.000000	0.026303	0.000135
3680.000000	0.027347	0.000334
3700.000000	0.027867	0.000424
3720.000000	0.028644	0.000670
3740.000000	0.029461	0.000326
3760.000000	0.029475	0.000289
3780.000000	0.030803	0.000228
3800.000000	0.030762	0.000359
3820.000000	0.031925	0.000340
3840.000000	0.032388	0.000609
3860.000000	0.032848	0.000692
3880.000000	0.032477	0.000352
3900.000000	0.032300	0.000489
3920.000000	0.031549	0.000527
3940.000000	0.031252	0.000753
3960.000000	0.030510	0.000393
3980.000000	0.030297	0.000630
4000.000000	0.028605	0.001809
4020.000000	0.028349	0.000480
4040.000000	0.028758	0.000692
4060.000000	0.028005	0.000688
4080.000000	0.028076	0.000999
4100.000000	0.027946	0.001076
4120.000000	0.026346	0.000826
4140.000000	0.027358	0.000749
4160.000000	0.026707	0.000932
4180.000000	0.027406	0.000770
