0.000000	NaN	NaN
0.000000	NaN	NaN
400.000000	0.969539	0.005497
410.000000	1.019467	0.003989
420.000000	1.052867	0.002738
430.000000	1.057898	0.002335
440.000000	1.067568	0.002787
450.000000	1.069891	0.001540
460.000000	1.075684	0.001507
470.000000	1.077571	0.001136
480.000000	1.084644	0.000710
490.000000	1.088796	0.000929
500.000000	1.086845	0.000566
510.000000	1.088554	0.000872
520.000000	1.095417	0.002701
530.000000	1.100477	0.001041
540.000000	1.102701	0.000722
550.000000	1.104111	0.000879
560.000000	1.103500	0.000776
570.000000	1.099793	0.000645
580.000000	1.094287	0.000596
590.000000	1.086949	0.000560
600.000000	1.077493	0.000443
610.000000	1.066629	0.000515
620.000000	1.052261	0.000483
630.000000	1.038349	0.000660
640.000000	1.023072	0.000469
650.000000	1.006744	0.000445
660.000000	0.990189	0.000629
670.000000	0.979643	0.000558
680.000000	0.926066	0.000218
690.000000	0.914508	0.000365
700.000000	0.903903	0.000340
710.000000	0.895467	0.000313
720.000000	0.887611	0.000374
730.000000	0.881140	0.000341
740.000000	0.873684	0.000299
750.000000	0.864196	0.001027
760.000000	0.851574	0.000293
770.000000	0.837069	0.000238
780.000000	0.820074	0.000347
790.000000	0.803807	0.000213
800.000000	0.784529	0.000332
810.000000	0.766145	0.000304
820.000000	0.751403	0.000317
830.000000	0.736411	0.000318
840.000000	0.722888	0.000265
850.000000	0.709649	0.000209
860.000000	0.698073	0.001240
870.000000	0.687231	0.000178
880.000000	0.677386	0.000195
890.000000	0.669208	0.000234
900.000000	0.664141	0.000304
910.000000	0.662090	0.000284
920.000000	0.661074	0.000203
930.000000	0.661592	0.000177
940.000000	0.663799	0.000223
950.000000	0.664743	0.000195
960.000000	0.666839	0.000146
970.000000	0.670519	0.000254
980.000000	0.675195	0.000244
990.000000	0.680466	0.000265
1000.000000	0.680237	0.000776
1010.000000	0.684513	0.001402
1020.000000	0.686787	0.000810
1030.000000	0.689995	0.001458
1040.000000	0.691438	0.000654
1050.000000	0.695164	0.000794
1060.000000	0.697059	0.000819
1070.000000	0.697104	0.000820
1080.000000	0.701141	0.001073
1090.000000	0.699128	0.000943
1100.000000	0.700693	0.001680
1110.000000	0.702904	0.001438
1120.000000	0.701047	0.001131
1130.000000	0.702357	0.001498
1140.000000	0.702773	0.000940
1150.000000	0.704356	0.001383
1160.000000	0.703886	0.000816
1170.000000	0.704024	0.001028
1180.000000	0.705054	0.001406
1190.000000	0.705948	0.000966
1200.000000	0.708046	0.000861
1210.000000	0.708686	0.000847
1220.000000	0.713676	0.001195
1230.000000	0.714070	0.000668
1240.000000	0.717387	0.000847
1250.000000	0.721976	0.001176
1260.000000	0.726015	0.000708
1270.000000	0.731152	0.000782
1280.000000	0.737656	0.000713
1290.000000	0.743503	0.000718
1300.000000	0.750497	0.000997
1310.000000	0.758434	0.000612
1320.000000	0.767398	0.000693
1330.000000	0.772522	0.000518
1340.000000	0.781274	0.000859
1350.000000	0.794442	0.000902
1360.000000	0.798724	0.000572
1370.000000	0.788661	0.000789
1380.000000	0.816791	0.000757
1390.000000	0.808975	0.000683
1400.000000	0.812747	0.000631
1410.000000	0.812319	0.000713
1420.000000	0.818242	0.000342
1430.000000	0.817896	0.000508
1440.000000	0.807427	0.000330
1450.000000	0.790577	0.000775
1460.000000	0.769647	0.000809
1470.000000	0.743101	0.000773
1480.000000	0.717124	0.000721
1490.000000	0.696842	0.000654
1500.000000	0.684308	0.000444
1510.000000	0.675589	0.000601
1520.000000	0.669209	0.000615
1530.000000	0.666455	0.000619
1540.000000	0.664242	0.000670
1550.000000	0.661830	0.000570
1560.000000	0.655286	0.001177
1570.000000	0.653011	0.000702
1580.000000	0.651686	0.000299
1590.000000	0.651160	0.000501
1600.000000	0.613166	0.000238
1610.000000	0.615813	0.000215
1620.000000	0.620893	0.000268
1630.000000	0.625622	0.000254
1640.000000	0.629364	0.000181
1650.000000	0.634013	0.000144
1660.000000	0.639231	0.000279
1670.000000	0.644177	0.000222
1680.000000	0.648474	0.000332
1690.000000	0.654635	0.000325
1700.000000	0.661727	0.000267
1710.000000	0.669294	0.000317
1720.000000	0.677446	0.000203
1730.000000	0.684971	0.000284
1740.000000	0.691231	0.000324
1750.000000	0.695907	0.000408
1760.000000	0.698724	0.000312
1770.000000	0.701134	0.000330
1780.000000	0.701550	0.000317
1790.000000	0.706707	0.000258
1800.000000	0.715766	0.000488
1810.000000	0.725191	0.000289
1820.000000	0.730469	0.000481
1830.000000	0.738847	0.000287
1840.000000	0.731873	0.000491
1850.000000	0.730325	0.000467
1860.000000	0.737359	0.000393
1870.000000	0.723918	0.000350
1880.000000	0.698720	0.000302
1890.000000	0.700122	0.000240
1900.000000	0.672807	0.000432
1910.000000	0.628706	0.000273
1920.000000	0.596680	0.000423
1930.000000	0.564261	0.000590
1940.000000	0.534537	0.000304
1950.000000	0.507192	0.000239
1960.000000	0.481655	0.000375
1970.000000	0.460610	0.000412
1980.000000	0.446441	0.000313
1990.000000	0.437428	0.000461
2000.000000	0.432842	0.000255
2010.000000	0.427014	0.000192
2020.000000	0.423021	0.001795
2030.000000	0.416105	0.000273
2040.000000	0.414231	0.000315
2050.000000	0.415377	0.000355
2060.000000	0.418907	0.000451
2070.000000	0.422725	0.000466
2080.000000	0.426169	0.000326
2090.000000	0.426629	0.000609
2100.000000	0.425861	0.000400
2110.000000	0.423026	0.000483
2120.000000	0.419335	0.000284
2130.000000	0.415635	0.000396
2140.000000	0.413464	0.000437
2150.000000	0.413439	0.000431
2160.000000	0.413266	0.000623
2170.000000	0.416222	0.000827
2180.000000	0.425434	0.000218
2190.000000	0.438536	0.000519
2200.000000	0.452803	0.000521
2210.000000	0.463600	0.000334
2220.000000	0.474452	0.000747
2230.000000	0.486205	0.000402
2240.000000	0.500716	0.000610
2250.000000	0.516369	0.000471
2260.000000	0.531983	0.000352
2270.000000	0.546713	0.000299
2280.000000	0.554690	0.000659
2290.000000	0.556528	0.000459
2300.000000	0.553656	0.000452
2310.000000	0.550426	0.000508
2320.000000	0.548015	0.000807
2330.000000	0.542100	0.000542
2340.000000	0.534752	0.000493
2350.000000	0.525986	0.000341
2360.000000	0.516779	0.001101
2370.000000	0.506174	0.000424
2380.000000	0.494823	0.000738
2390.000000	0.483399	0.000628
2400.000000	0.473434	0.000704
2410.000000	0.464917	0.000792
2420.000000	0.459116	0.000423
2430.000000	0.458218	0.000516
2440.000000	0.460276	0.000513
2450.000000	0.465053	0.000490
2460.000000	0.474210	0.000786
2470.000000	0.481433	0.000607
2480.000000	0.486559	0.000671
2490.000000	0.487228	0.000635
2500.000000	0.485239	0.000827
2510.000000	0.482313	0.000263
2520.000000	0.476876	0.000246
2530.000000	0.473715	0.000628
2540.000000	0.464695	0.001864
2550.000000	0.452731	0.000704
2560.000000	0.470652	0.000984
2570.000000	0.442082	0.000737
2580.000000	0.451737	0.001207
2590.000000	0.443611	0.006426
2600.000000	0.437136	0.001342
2610.000000	0.425570	0.001851
2620.000000	0.413819	0.000961
2630.000000	0.397539	0.000968
2640.000000	0.404897	0.003133
2650.000000	0.426572	0.001001
2660.000000	0.459458	0.001887
2670.000000	0.402783	0.004549
2680.000000	0.353376	0.002733
2690.000000	0.367391	0.001091
2700.000000	0.358642	0.001493
2710.000000	0.356397	0.001579
2720.000000	0.317114	0.003038
2730.000000	0.303489	0.002019
2740.000000	0.287644	0.002298
2750.000000	0.277086	0.001550
2760.000000	0.264542	0.001036
2770.000000	0.233767	0.001696
2780.000000	0.225930	0.001599
2790.000000	0.204052	0.000640
2800.000000	0.208760	0.001179
2810.000000	0.186968	0.002487
2820.000000	0.179527	0.001548
2830.000000	0.177635	0.000871
2840.000000	0.155126	0.002074
2850.000000	0.150483	0.000484
2860.000000	0.149080	0.000370
2870.000000	0.149454	0.000768
2880.000000	0.153952	0.000183
2890.000000	0.160278	0.000390
2900.000000	0.167826	0.000229
2910.000000	0.178222	0.000402
2920.000000	0.189728	0.000339
2930.000000	0.204501	0.000522
2940.000000	0.221602	0.000355
2950.000000	0.239345	0.000995
2960.000000	0.259124	0.000329
2970.000000	0.277529	0.000261
2980.000000	0.293774	0.000316
2990.000000	0.309633	0.000143
3000.000000	0.324631	0.000190
3010.000000	0.338427	0.000696
3020.000000	0.350087	0.000548
3030.000000	0.361413	0.000334
3040.000000	0.369931	0.000140
3050.000000	0.374422	0.000636
3060.000000	0.377155	0.000333
3070.000000	0.379031	0.000629
3080.000000	0.380117	0.000336
3090.000000	0.380800	0.000313
3100.000000	0.381254	0.000278
3110.000000	0.380608	0.000274
3120.000000	0.380414	0.000712
3130.000000	0.379927	0.000371
3140.000000	0.377223	0.000525
3150.000000	0.373927	0.000269
3160.000000	0.369212	0.000614
3170.000000	0.364456	0.000481
3180.000000	0.361218	0.000492
3190.000000	0.357833	0.000502
3200.000000	0.353297	0.000345
3220.000000	0.345202	0.000440
3240.000000	0.343911	0.000441
3260.000000	0.346526	0.000249
3280.000000	0.348326	0.000372
3300.000000	0.351572	0.000441
3320.000000	0.350464	0.000326
3340.000000	0.347420	0.000357
3360.000000	0.345080	0.000469
3380.000000	0.340348	0.000373
3400.000000	0.335759	0.000584
3420.000000	0.331773	0.000219
3440.000000	0.330883	0.000405
3460.000000	0.329599	0.000463
3480.000000	0.329116	0.000502
3500.000000	0.329106	0.000311
3520.000000	0.330102	0.000347
3540.000000	0.332535	0.000395
3560.000000	0.332728	0.000640
3580.000000	0.334560	0.000408
3600.000000	0.336124	0.000630
3620.000000	0.338831	0.000813
3640.000000	0.340672	0.000607
3660.000000	0.342650	0.000540
3680.000000	0.345292	0.000796
3700.000000	0.348730	0.000606
3720.000000	0.350601	0.000542
3740.000000	0.351996	0.000505
3760.000000	0.355287	0.000399
3780.000000	0.357638	0.000458
3800.000000	0.359358	0.000338
3820.000000	0.360582	0.001114
3840.000000	0.363417	0.000467
3860.000000	0.363720	0.000879
3880.000000	0.362875	0.000644
3900.000000	0.362217	0.000813
3920.000000	0.360416	0.000668
3940.000000	0.357397	0.001147
3960.000000	0.356555	0.000752
3980.000000	0.354615	0.000654
4000.000000	0.352775	0.000724
4020.000000	0.350958	0.001194
4040.000000	0.349052	0.000888
4060.000000	0.349378	0.000686
4080.000000	0.347257	0.001860
4100.000000	0.349679	0.002490
4120.000000	0.342151	0.000650
4140.000000	0.343029	0.000701
4160.000000	0.342232	0.001551
4180.000000	0.351014	0.000885
