0.000000	NaN	NaN
0.000000	NaN	NaN
400.000000	0.677206	0.002649
410.000000	0.763185	0.001494
420.000000	0.808976	0.001654
430.000000	0.819634	0.001491
440.000000	0.827276	0.001557
450.000000	0.831584	0.001137
460.000000	0.843126	0.001147
470.000000	0.848719	0.002133
480.000000	0.859638	0.003272
490.000000	0.867296	0.001467
500.000000	0.861835	0.001600
510.000000	0.862603	0.001043
520.000000	0.873621	0.001062
530.000000	0.884587	0.000981
540.000000	0.890783	0.000498
550.000000	0.893705	0.000529
560.000000	0.893318	0.000701
570.000000	0.886466	0.000686
580.000000	0.876979	0.000640
590.000000	0.863732	0.000615
600.000000	0.848411	0.000379
610.000000	0.827110	0.000426
620.000000	0.803245	0.000347
630.000000	0.778394	0.000321
640.000000	0.752258	0.000284
650.000000	0.726660	0.000308
660.000000	0.701535	0.000252
670.000000	0.677906	0.000161
680.000000	0.624290	0.000203
690.000000	0.608389	0.000272
700.000000	0.593036	0.000256
710.000000	0.580298	0.000173
720.000000	0.569203	0.001091
730.000000	0.556863	0.000181
740.000000	0.545450	0.000363
750.000000	0.531378	0.000196
760.000000	0.514591	0.000191
770.000000	0.494507	0.000137
780.000000	0.472670	0.000162
790.000000	0.449193	0.000187
800.000000	0.426302	0.000135
810.000000	0.402744	0.000153
820.000000	0.380903	0.000174
830.000000	0.360685	0.000177
840.000000	0.341504	0.000103
850.000000	0.325873	0.000624
860.000000	0.311089	0.000103
870.000000	0.299301	0.000078
880.000000	0.289425	0.000094
890.000000	0.280806	0.000066
900.000000	0.274560	0.000117
910.000000	0.269541	0.000097
920.000000	0.266728	0.000122
930.000000	0.265436	0.000084
940.000000	0.265261	0.000077
950.000000	0.266253	0.000117
960.000000	0.267988	0.000134
970.000000	0.270978	0.000129
980.000000	0.274511	0.000110
990.000000	0.278802	0.000084
1000.000000	0.282202	0.000464
1010.000000	0.286016	0.000545
1020.000000	0.289820	0.000331
1030.000000	0.293484	0.000370
1040.000000	0.295723	0.000369
1050.000000	0.297990	0.000345
1060.000000	0.300371	0.000291
1070.000000	0.300975	0.000473
1080.000000	0.301815	0.000387
1090.000000	0.302010	0.000439
1100.000000	0.299278	0.001696
1110.000000	0.301015	0.000334
1120.000000	0.301740	0.000495
1130.000000	0.301387	0.000386
1140.000000	0.301660	0.000308
1150.000000	0.301597	0.000324
1160.000000	0.301939	0.000577
1170.000000	0.302576	0.000336
1180.000000	0.303886	0.000356
1190.000000	0.304780	0.000437
1200.000000	0.306899	0.000274
1210.000000	0.308670	0.000378
1220.000000	0.310665	0.000205
1230.000000	0.312569	0.001367
1240.000000	0.317008	0.000271
1250.000000	0.320433	0.000198
1260.000000	0.325526	0.000233
1270.000000	0.331423	0.000338
1280.000000	0.338405	0.000450
1290.000000	0.346363	0.000262
1300.000000	0.355405	0.000270
1310.000000	0.364663	0.000241
1320.000000	0.375227	0.000229
1330.000000	0.383262	0.000457
1340.000000	0.392984	0.000213
1350.000000	0.406564	0.000266
1360.000000	0.417554	0.000158
1370.000000	0.416023	0.000333
1380.000000	0.436554	0.000186
1390.000000	0.434446	0.000186
1400.000000	0.439875	0.000257
1410.000000	0.440569	0.000242
1420.000000	0.441553	0.000354
1430.000000	0.436300	0.000257
1440.000000	0.419626	0.000258
1450.000000	0.395915	0.000255
1460.000000	0.366698	0.000194
1470.000000	0.334225	0.000437
1480.000000	0.303929	0.000255
1490.000000	0.280869	0.000308
1500.000000	0.264288	0.001081
1510.000000	0.254911	0.000204
1520.000000	0.248787	0.000194
1530.000000	0.244465	0.000189
1540.000000	0.241545	0.000300
1550.000000	0.238162	0.000372
1560.000000	0.233471	0.000323
1570.000000	0.229449	0.000338
1580.000000	0.226941	0.000293
1590.000000	0.226895	0.000330
1600.000000	0.230802	0.000173
1610.000000	0.232134	0.000128
1620.000000	0.234676	0.000100
1630.000000	0.237249	0.000147
1640.000000	0.240220	0.000154
1650.000000	0.244329	0.000075
1660.000000	0.248858	0.000176
1670.000000	0.253703	0.000112
1680.000000	0.258573	0.000132
1690.000000	0.264913	0.000204
1700.000000	0.271802	0.000155
1710.000000	0.279843	0.000118
1720.000000	0.288261	0.000094
1730.000000	0.295657	0.000078
1740.000000	0.301770	0.000152
1750.000000	0.306413	0.000103
1760.000000	0.310124	0.000247
1770.000000	0.312464	0.000116
1780.000000	0.315050	0.000148
1790.000000	0.319276	0.000129
1800.000000	0.325816	0.000282
1810.000000	0.333673	0.000190
1820.000000	0.340297	0.000148
1830.000000	0.348018	0.000404
1840.000000	0.348045	0.000114
1850.000000	0.347841	0.000144
1860.000000	0.349985	0.000235
1870.000000	0.340512	0.000272
1880.000000	0.317426	0.000144
1890.000000	0.304381	0.000178
1900.000000	0.276875	0.000205
1910.000000	0.238689	0.000156
1920.000000	0.206361	0.000126
1930.000000	0.177020	0.000618
1940.000000	0.149673	0.000154
1950.000000	0.128027	0.000185
1960.000000	0.110767	0.000171
1970.000000	0.097893	0.000320
1980.000000	0.089136	0.000119
1990.000000	0.084257	0.000157
2000.000000	0.081081	0.000110
2010.000000	0.078287	0.000189
2020.000000	0.075195	0.000159
2030.000000	0.072825	0.000071
2040.000000	0.071869	0.000185
2050.000000	0.072330	0.000307
2060.000000	0.074119	0.000199
2070.000000	0.076011	0.000202
2080.000000	0.077947	0.000193
2090.000000	0.078512	0.000316
2100.000000	0.077534	0.000224
2110.000000	0.075950	0.000117
2120.000000	0.073625	0.000383
2130.000000	0.071401	0.000334
2140.000000	0.070305	0.000146
2150.000000	0.069479	0.000273
2160.000000	0.069533	0.000187
2170.000000	0.070670	0.000240
2180.000000	0.075050	0.000457
2190.000000	0.081189	0.000265
2200.000000	0.088644	0.000222
2210.000000	0.094892	0.000270
2220.000000	0.100665	0.000290
2230.000000	0.107347	0.000182
2240.000000	0.116586	0.000149
2250.000000	0.126773	0.000164
2260.000000	0.137715	0.000569
2270.000000	0.148624	0.000302
2280.000000	0.155217	0.000247
2290.000000	0.155248	0.000378
2300.000000	0.152531	0.000533
2310.000000	0.150584	0.000335
2320.000000	0.148607	0.000274
2330.000000	0.144115	0.000389
2340.000000	0.139215	0.000307
2350.000000	0.132954	0.000225
2360.000000	0.125747	0.000253
2370.000000	0.118629	0.000391
2380.000000	0.111149	0.000360
2390.000000	0.104430	0.000307
2400.000000	0.098305	0.000425
2410.000000	0.093437	0.000277
2420.000000	0.089866	0.000346
2430.000000	0.088965	0.000224
2440.000000	0.090259	0.000439
2450.000000	0.093142	0.000347
2460.000000	0.097037	0.000344
2470.000000	0.101091	0.000672
2480.000000	0.102391	0.000600
2490.000000	0.101353	0.000406
2500.000000	0.099166	0.000356
2510.000000	0.096972	0.000425
2520.000000	0.094285	0.001278
2530.000000	0.091662	0.000455
2540.000000	0.089263	0.000517
2550.000000	0.084720	0.000503
2560.000000	0.088093	0.000375
2570.000000	0.082434	0.001680
2580.000000	0.083373	0.001541
2590.000000	0.077942	0.004353
2600.000000	0.078597	0.001432
2610.000000	0.076706	0.001762
2620.000000	0.070948	0.000753
2630.000000	0.067785	0.000700
2640.000000	0.067339	0.001006
2650.000000	0.068601	0.000533
2660.000000	0.069786	0.002180
2670.000000	0.059944	0.005541
2680.000000	0.051855	0.004794
2690.000000	0.051791	0.000787
2700.000000	0.046194	0.000849
2710.000000	0.043355	0.001267
2720.000000	0.032907	0.003570
2730.000000	0.030750	0.000568
2740.000000	0.027122	0.000788
2750.000000	0.023660	0.001757
2760.000000	0.018115	0.001050
2770.000000	0.018634	0.000686
2780.000000	0.016669	0.001238
2790.000000	0.012709	0.001255
2800.000000	0.014715	0.000935
2810.000000	0.010980	0.000752
2820.000000	0.010479	0.001578
2830.000000	0.010313	0.001231
2840.000000	0.008983	0.000539
2850.000000	0.008415	0.000210
2860.000000	0.008339	0.000579
2870.000000	0.008192	0.000262
2880.000000	0.008745	0.000260
2890.000000	0.008677	0.000284
2900.000000	0.009032	0.000145
2910.000000	0.009740	0.000167
2920.000000	0.010385	0.000323
2930.000000	0.010955	0.000857
2940.000000	0.013358	0.000302
2950.000000	0.014906	0.000457
2960.000000	0.016910	0.000219
2970.000000	0.019003	0.000121
2980.000000	0.022080	0.000803
2990.000000	0.023840	0.000219
3000.000000	0.025881	0.000176
3010.000000	0.028998	0.000209
3020.000000	0.031109	0.000290
3030.000000	0.034704	0.000264
3040.000000	0.037373	0.000541
3050.000000	0.039328	0.000403
3060.000000	0.041413	0.000336
3070.000000	0.042879	0.000221
3080.000000	0.043772	0.000258
3090.000000	0.044722	0.000326
3100.000000	0.045739	0.000244
3110.000000	0.046343	0.000266
3120.000000	0.046838	0.000237
3130.000000	0.047945	0.000188
3140.000000	0.047726	0.000284
3150.000000	0.047044	0.000368
3160.000000	0.046166	0.000316
3170.000000	0.045178	0.000425
3180.000000	0.044318	0.000236
3190.000000	0.044024	0.000260
3200.000000	0.042636	0.000132
3220.000000	0.041257	0.000501
3240.000000	0.041274	0.000253
3260.000000	0.042267	0.000526
3280.000000	0.042892	0.000356
3300.000000	0.043502	0.000419
3320.000000	0.042883	0.000263
3340.000000	0.041524	0.000304
3360.000000	0.040719	0.000206
3380.000000	0.039374	0.000295
3400.000000	0.037696	0.000319
3420.000000	0.036610	0.000198
3440.000000	0.035946	0.000120
3460.000000	0.035769	0.000405
3480.000000	0.035713	0.000443
3500.000000	0.035219	0.000363
3520.000000	0.035596	0.000403
3540.000000	0.035632	0.000549
3560.000000	0.035654	0.000506
3580.000000	0.035622	0.000384
3600.000000	0.036096	0.000402
3620.000000	0.036211	0.000451
3640.000000	0.036505	0.000504
3660.000000	0.036295	0.000331
3680.000000	0.037682	0.000648
3700.000000	0.037538	0.000440
3720.000000	0.037952	0.000474
3740.000000	0.039006	0.000522
3760.000000	0.040170	0.000309
3780.000000	0.040583	0.000468
3800.000000	0.041448	0.000525
3820.000000	0.042152	0.000622
3840.000000	0.043038	0.000397
3860.000000	0.042031	0.000761
3880.000000	0.041773	0.000401
3900.000000	0.042148	0.000366
3920.000000	0.042713	0.000776
3940.000000	0.041229	0.000830
3960.000000	0.040794	0.000900
3980.000000	0.039207	0.000794
4000.000000	0.038266	0.000847
4020.000000	0.038612	0.000614
4040.000000	0.036722	0.000734
4060.000000	0.036509	0.000443
4080.000000	0.036572	0.000748
4100.000000	0.037019	0.001094
4120.000000	0.035480	0.000736
4140.000000	0.035520	0.000772
4160.000000	0.034071	0.001478
4180.000000	0.034780	0.001297
