0.000000	NaN	NaN
0.000000	NaN	NaN
400.000000	0.663041	0.005803
410.000000	0.750803	0.004644
420.000000	0.799636	0.002063
430.000000	0.813539	0.000794
440.000000	0.819268	0.001832
450.000000	0.827824	0.001372
460.000000	0.838885	0.001775
470.000000	0.847462	0.000684
480.000000	0.857387	0.001156
490.000000	0.863258	0.001315
500.000000	0.859112	0.000670
510.000000	0.860444	0.000695
520.000000	0.872046	0.000664
530.000000	0.883063	0.000510
540.000000	0.889976	0.000350
550.000000	0.892036	0.000462
560.000000	0.891427	0.000356
570.000000	0.885526	0.000406
580.000000	0.877310	0.000393
590.000000	0.862225	0.000263
600.000000	0.845641	0.000421
610.000000	0.824402	0.000305
620.000000	0.800490	0.000337
630.000000	0.774450	0.000253
640.000000	0.747944	0.000236
650.000000	0.721057	0.000346
660.000000	0.695584	0.000373
670.000000	0.671881	0.000409
680.000000	0.658354	0.000784
690.000000	0.639914	0.000302
700.000000	0.623427	0.000250
710.000000	0.608516	0.000195
720.000000	0.596511	0.001146
730.000000	0.583328	0.000244
740.000000	0.569984	0.000295
750.000000	0.554222	0.000206
760.000000	0.535762	0.000203
770.000000	0.513932	0.000165
780.000000	0.489728	0.000208
790.000000	0.464173	0.000147
800.000000	0.439102	0.000461
810.000000	0.415189	0.000163
820.000000	0.391289	0.000121
830.000000	0.369655	0.000143
840.000000	0.349842	0.000100
850.000000	0.332729	0.000120
860.000000	0.317821	0.000627
870.000000	0.304350	0.000113
880.000000	0.293391	0.000100
890.000000	0.284402	0.000093
900.000000	0.277771	0.000118
910.000000	0.272603	0.000081
920.000000	0.268959	0.000086
930.000000	0.267463	0.000090
940.000000	0.266918	0.000092
950.000000	0.267941	0.000102
960.000000	0.269672	0.000091
970.000000	0.272422	0.000147
980.000000	0.275956	0.000098
990.000000	0.279913	0.000069
1000.000000	0.286153	0.000283
1010.000000	0.289391	0.000318
1020.000000	0.293409	0.000341
1030.000000	0.296931	0.000340
1040.000000	0.300005	0.000348
1050.000000	0.302509	0.000307
1060.000000	0.304188	0.000371
1070.000000	0.305825	0.000561
1080.000000	0.306163	0.000424
1090.000000	0.305879	0.000446
1100.000000	0.308410	0.001429
1110.000000	0.307632	0.002645
1120.000000	0.307110	0.000610
1130.000000	0.305966	0.000503
1140.000000	0.305548	0.000370
1150.000000	0.305545	0.000742
1160.000000	0.306255	0.000451
1170.000000	0.306766	0.000345
1180.000000	0.307506	0.000308
1190.000000	0.309278	0.000412
1200.000000	0.311237	0.000335
1210.000000	0.313411	0.000259
1220.000000	0.315424	0.000250
1230.000000	0.318483	0.000337
1240.000000	0.322048	0.000464
1250.000000	0.325619	0.001120
1260.000000	0.331643	0.000272
1270.000000	0.338103	0.000354
1280.000000	0.345851	0.000271
1290.000000	0.354369	0.000354
1300.000000	0.363243	0.000244
1310.000000	0.373032	0.000365
1320.000000	0.384797	0.000156
1330.000000	0.393911	0.000170
1340.000000	0.403300	0.000350
1350.000000	0.416910	0.000244
1360.000000	0.428314	0.000241
1370.000000	0.427847	0.000414
1380.000000	0.447234	0.000480
1390.000000	0.446343	0.000216
1400.000000	0.452150	0.000296
1410.000000	0.453349	0.000536
1420.000000	0.454445	0.000360
1430.000000	0.448913	0.000239
1440.000000	0.431712	0.000217
1450.000000	0.405814	0.000323
1460.000000	0.373974	0.000151
1470.000000	0.338580	0.000232
1480.000000	0.307227	0.000448
1490.000000	0.283368	0.001063
1500.000000	0.265965	0.000291
1510.000000	0.255365	0.000246
1520.000000	0.248175	0.000233
1530.000000	0.244285	0.000227
1540.000000	0.241232	0.000206
1550.000000	0.237231	0.000253
1560.000000	0.232686	0.000256
1570.000000	0.227907	0.000281
1580.000000	0.225762	0.000228
1590.000000	0.225541	0.000273
1600.000000	0.229451	0.000128
1610.000000	0.230985	0.000140
1620.000000	0.233546	0.000138
1630.000000	0.235905	0.000095
1640.000000	0.239098	0.000160
1650.000000	0.243484	0.000168
1660.000000	0.248367	0.000133
1670.000000	0.253229	0.000111
1680.000000	0.258395	0.000159
1690.000000	0.264849	0.000109
1700.000000	0.272256	0.000270
1710.000000	0.280598	0.000105
1720.000000	0.289399	0.000146
1730.000000	0.297410	0.000154
1740.000000	0.303822	0.000202
1750.000000	0.308372	0.000234
1760.000000	0.311732	0.000150
1770.000000	0.315151	0.000212
1780.000000	0.317254	0.000117
1790.000000	0.321871	0.000317
1800.000000	0.328856	0.000165
1810.000000	0.336835	0.000136
1820.000000	0.343201	0.000244
1830.000000	0.350501	0.000177
1840.000000	0.351086	0.000110
1850.000000	0.350713	0.000164
1860.000000	0.352459	0.000152
1870.000000	0.341977	0.000280
1880.000000	0.318739	0.000126
1890.000000	0.303760	0.000112
1900.000000	0.273491	0.000281
1910.000000	0.234376	0.000193
1920.000000	0.201480	0.000192
1930.000000	0.170552	0.000280
1940.000000	0.143624	0.000188
1950.000000	0.121761	0.000189
1960.000000	0.103864	0.000181
1970.000000	0.090444	0.000270
1980.000000	0.082389	0.000184
1990.000000	0.077676	0.000145
2000.000000	0.074431	0.000148
2010.000000	0.071603	0.000199
2020.000000	0.068713	0.000102
2030.000000	0.066295	0.000156
2040.000000	0.064990	0.000211
2050.000000	0.065724	0.000304
2060.000000	0.067414	0.000166
2070.000000	0.069468	0.000136
2080.000000	0.071063	0.000293
2090.000000	0.071400	0.000223
2100.000000	0.070698	0.000183
2110.000000	0.069064	0.000316
2120.000000	0.067252	0.000264
2130.000000	0.065172	0.000137
2140.000000	0.063187	0.000690
2150.000000	0.063078	0.000250
2160.000000	0.063183	0.000152
2170.000000	0.064638	0.000348
2180.000000	0.069344	0.001052
2190.000000	0.074749	0.000275
2200.000000	0.082289	0.000106
2210.000000	0.087953	0.000151
2220.000000	0.093991	0.000182
2230.000000	0.100374	0.000200
2240.000000	0.109700	0.000186
2250.000000	0.120509	0.000348
2260.000000	0.131801	0.000490
2270.000000	0.142277	0.000511
2280.000000	0.149167	0.000247
2290.000000	0.149654	0.000460
2300.000000	0.146994	0.000221
2310.000000	0.144450	0.000476
2320.000000	0.142331	0.000279
2330.000000	0.137435	0.000231
2340.000000	0.131905	0.000404
2350.000000	0.126029	0.000235
2360.000000	0.118613	0.000428
2370.000000	0.111529	0.000341
2380.000000	0.104447	0.000251
2390.000000	0.096907	0.000266
2400.000000	0.090995	0.000244
2410.000000	0.086008	0.000183
2420.000000	0.083312	0.000963
2430.000000	0.081551	0.000290
2440.000000	0.082616	0.000214
2450.000000	0.085628	0.000372
2460.000000	0.090079	0.000526
2470.000000	0.093187	0.000227
2480.000000	0.095424	0.000382
2490.000000	0.093435	0.000908
2500.000000	0.092610	0.000440
2510.000000	0.089223	0.000468
2520.000000	0.085676	0.000431
2530.000000	0.083215	0.000184
2540.000000	0.081089	0.000450
2550.000000	0.077715	0.000548
2560.000000	0.079126	0.000308
2570.000000	0.073570	0.000609
2580.000000	0.072921	0.001625
2590.000000	0.072027	0.000717
2600.000000	0.070896	0.000517
2610.000000	0.068684	0.000882
2620.000000	0.064883	0.001224
2630.000000	0.060949	0.000628
2640.000000	0.057042	0.001473
2650.000000	0.058285	0.001323
2660.000000	0.062314	0.000410
2670.000000	0.062917	0.004371
2680.000000	0.045522	0.001150
2690.000000	0.043134	0.000417
2700.000000	0.038852	0.001115
2710.000000	0.036506	0.000551
2720.000000	0.028830	0.000774
2730.000000	0.024870	0.000649
2740.000000	0.024296	0.001271
2750.000000	0.019651	0.000968
2760.000000	0.017059	0.000608
2770.000000	0.013776	0.000750
2780.000000	0.012333	0.000657
2790.000000	0.010784	0.000774
2800.000000	0.009715	0.001148
2810.000000	0.009180	0.000387
2820.000000	0.008030	0.000295
2830.000000	0.007668	0.000650
2840.000000	0.008024	0.000916
2850.000000	0.007177	0.000157
2860.000000	0.006880	0.000245
2870.000000	0.006738	0.000198
2880.000000	0.006789	0.000164
2890.000000	0.006969	0.000209
2900.000000	0.007372	0.000266
2910.000000	0.007919	0.000299
2920.000000	0.008476	0.000254
2930.000000	0.009652	0.000294
2940.000000	0.010710	0.000301
2950.000000	0.011390	0.000864
2960.000000	0.013837	0.000144
2970.000000	0.015922	0.000128
2980.000000	0.017637	0.000252
2990.000000	0.019579	0.000165
3000.000000	0.021625	0.000183
3010.000000	0.024370	0.000750
3020.000000	0.025910	0.000246
3030.000000	0.028444	0.000270
3040.000000	0.030717	0.000147
3050.000000	0.032308	0.000190
3060.000000	0.033953	0.000133
3070.000000	0.035148	0.000275
3080.000000	0.035975	0.000127
3090.000000	0.037160	0.000161
3100.000000	0.038045	0.000163
3110.000000	0.038972	0.000243
3120.000000	0.039779	0.000273
3130.000000	0.040190	0.000271
3140.000000	0.040146	0.000308
3150.000000	0.039607	0.000215
3160.000000	0.038855	0.000119
3170.000000	0.038056	0.000293
3180.000000	0.037512	0.000140
3190.000000	0.036516	0.000155
3200.000000	0.035852	0.000214
3220.000000	0.034925	0.000227
3240.000000	0.034805	0.000309
3260.000000	0.034877	0.000254
3280.000000	0.035619	0.000294
3300.000000	0.036147	0.000131
3320.000000	0.036245	0.000250
3340.000000	0.035382	0.000156
3360.000000	0.034034	0.000197
3380.000000	0.032899	0.000187
3400.000000	0.031646	0.000160
3420.000000	0.030795	0.000228
3440.000000	0.030499	0.000181
3460.000000	0.029727	0.000264
3480.000000	0.029528	0.000191
3500.000000	0.029281	0.000186
3520.000000	0.029439	0.000128
3540.000000	0.029938	0.000311
3560.000000	0.029964	0.000262
3580.000000	0.029817	0.000397
3600.000000	0.029454	0.000355
3620.000000	0.029902	0.000144
3640.000000	0.030372	0.000364
3660.000000	0.031101	0.000281
3680.000000	0.031714	0.000166
3700.000000	0.032084	0.000366
3720.000000	0.032154	0.000378
3740.000000	0.032978	0.000181
3760.000000	0.033708	0.000370
3780.000000	0.034632	0.000225
3800.000000	0.034871	0.000270
3820.000000	0.035578	0.000259
3840.000000	0.036039	0.000338
3860.000000	0.036436	0.000507
3880.000000	0.036810	0.000321
3900.000000	0.036337	0.000311
3920.000000	0.036252	0.000255
3940.000000	0.035693	0.000302
3960.000000	0.034467	0.000318
3980.000000	0.034068	0.000504
4000.000000	0.033529	0.000342
4020.000000	0.032670	0.000382
4040.000000	0.032251	0.000424
4060.000000	0.031554	0.000488
4080.000000	0.030760	0.000440
4100.000000	0.032804	0.002423
4120.000000	0.030844	0.000440
4140.000000	0.029754	0.000856
4160.000000	0.029853	0.000469
4180.000000	0.031385	0.000718
