0.000000	NaN	NaN
0.000000	NaN	NaN
400.000000	0.710893	0.007407
410.000000	0.786738	0.004417
420.000000	0.831535	0.003515
430.000000	0.845828	0.002487
440.000000	0.852728	0.001507
450.000000	0.859979	0.001408
460.000000	0.869799	0.000720
470.000000	0.876021	0.002106
480.000000	0.886128	0.001460
490.000000	0.891334	0.000675
500.000000	0.888127	0.001016
510.000000	0.889161	0.000714
520.000000	0.899422	0.001277
530.000000	0.909757	0.000387
540.000000	0.917941	0.001733
550.000000	0.918497	0.000535
560.000000	0.917514	0.000739
570.000000	0.912690	0.000424
580.000000	0.904065	0.000452
590.000000	0.891439	0.000429
600.000000	0.875993	0.000507
610.000000	0.855978	0.000463
620.000000	0.833681	0.000489
630.000000	0.808940	0.000475
640.000000	0.784360	0.000428
650.000000	0.758853	0.000407
660.000000	0.734452	0.000249
670.000000	0.711205	0.000227
680.000000	0.700559	0.000351
690.000000	0.682229	0.000232
700.000000	0.665467	0.000226
710.000000	0.651302	0.000325
720.000000	0.638745	0.000336
730.000000	0.626707	0.000203
740.000000	0.613750	0.000837
750.000000	0.598289	0.000232
760.000000	0.579581	0.000232
770.000000	0.558373	0.000312
780.000000	0.533473	0.000159
790.000000	0.507692	0.000150
800.000000	0.481293	0.000174
810.000000	0.456673	0.000186
820.000000	0.432264	0.000192
830.000000	0.409958	0.000201
840.000000	0.389531	0.000163
850.000000	0.371434	0.000092
860.000000	0.355823	0.000122
870.000000	0.342145	0.000139
880.000000	0.330438	0.000123
890.000000	0.321110	0.000144
900.000000	0.313976	0.000103
910.000000	0.308489	0.000065
920.000000	0.304707	0.000090
930.000000	0.303106	0.000092
940.000000	0.302625	0.000134
950.000000	0.303402	0.000123
960.000000	0.305354	0.000074
970.000000	0.307938	0.000162
980.000000	0.311764	0.000091
990.000000	0.316072	0.000108
1000.000000	0.322414	0.000849
1010.000000	0.327322	0.000910
1020.000000	0.331857	0.000661
1030.000000	0.334572	0.000921
1040.000000	0.338307	0.001692
1050.000000	0.340014	0.000603
1060.000000	0.343192	0.001440
1070.000000	0.343717	0.001108
1080.000000	0.344235	0.000473
1090.000000	0.344979	0.000643
1100.000000	0.348426	0.004966
1110.000000	0.341960	0.002736
1120.000000	0.345013	0.000816
1130.000000	0.343836	0.000765
1140.000000	0.344174	0.000583
1150.000000	0.344336	0.000596
1160.000000	0.344696	0.000701
1170.000000	0.345657	0.000722
1180.000000	0.346450	0.000688
1190.000000	0.348367	0.000791
1200.000000	0.349733	0.000488
1210.000000	0.351679	0.000363
1220.000000	0.352852	0.001839
1230.000000	0.358231	0.000596
1240.000000	0.361278	0.000584
1250.000000	0.365403	0.000746
1260.000000	0.371062	0.000715
1270.000000	0.378159	0.000570
1280.000000	0.386024	0.000645
1290.000000	0.394886	0.000495
1300.000000	0.404492	0.000674
1310.000000	0.415032	0.001245
1320.000000	0.426032	0.000615
1330.000000	0.435911	0.000518
1340.000000	0.446078	0.000445
1350.000000	0.459045	0.000683
1360.000000	0.469450	0.000527
1370.000000	0.468402	0.000397
1380.000000	0.488784	0.000505
1390.000000	0.488115	0.000654
1400.000000	0.493054	0.000455
1410.000000	0.493520	0.000652
1420.000000	0.495092	0.000354
1430.000000	0.489937	0.000375
1440.000000	0.473149	0.000606
1450.000000	0.447005	0.000512
1460.000000	0.414064	0.000363
1470.000000	0.377473	0.000572
1480.000000	0.343792	0.000531
1490.000000	0.317978	0.000465
1500.000000	0.300235	0.000589
1510.000000	0.289262	0.000493
1520.000000	0.282553	0.000460
1530.000000	0.276556	0.000749
1540.000000	0.273450	0.000552
1550.000000	0.269191	0.000720
1560.000000	0.264367	0.000514
1570.000000	0.260158	0.000328
1580.000000	0.257520	0.000324
1590.000000	0.257703	0.000674
1600.000000	0.261513	0.000299
1610.000000	0.264392	0.000862
1620.000000	0.266041	0.000224
1630.000000	0.268924	0.000176
1640.000000	0.272320	0.000146
1650.000000	0.276720	0.000258
1660.000000	0.281672	0.000244
1670.000000	0.286603	0.000092
1680.000000	0.292443	0.000251
1690.000000	0.299310	0.000268
1700.000000	0.307195	0.000289
1710.000000	0.315952	0.000518
1720.000000	0.325279	0.000425
1730.000000	0.333421	0.000119
1740.000000	0.340228	0.000261
1750.000000	0.344998	0.000220
1760.000000	0.348738	0.000355
1770.000000	0.351691	0.000224
1780.000000	0.355054	0.000287
1790.000000	0.359435	0.000275
1800.000000	0.366085	0.000293
1810.000000	0.374035	0.000438
1820.000000	0.380303	0.000352
1830.000000	0.386812	0.000474
1840.000000	0.387105	0.000179
1850.000000	0.387110	0.000410
1860.000000	0.389066	0.000347
1870.000000	0.377987	0.000814
1880.000000	0.353613	0.000526
1890.000000	0.338235	0.000360
1900.000000	0.306213	0.000320
1910.000000	0.264606	0.000247
1920.000000	0.229309	0.000320
1930.000000	0.196500	0.000332
1940.000000	0.167809	0.000299
1950.000000	0.143865	0.000303
1960.000000	0.123983	0.000447
1970.000000	0.108431	0.000329
1980.000000	0.100002	0.000696
1990.000000	0.093883	0.000278
2000.000000	0.090077	0.000407
2010.000000	0.086922	0.000617
2020.000000	0.083789	0.000513
2030.000000	0.080954	0.000389
2040.000000	0.078760	0.000410
2050.000000	0.079647	0.000616
2060.000000	0.081499	0.000207
2070.000000	0.083680	0.000558
2080.000000	0.086065	0.000328
2090.000000	0.086527	0.000327
2100.000000	0.085702	0.000538
2110.000000	0.083815	0.000499
2120.000000	0.081550	0.000477
2130.000000	0.079663	0.000326
2140.000000	0.077339	0.000510
2150.000000	0.076746	0.000477
2160.000000	0.076679	0.000765
2170.000000	0.078634	0.000547
2180.000000	0.082788	0.000289
2190.000000	0.090679	0.000348
2200.000000	0.099015	0.000450
2210.000000	0.106715	0.000648
2220.000000	0.113269	0.000358
2230.000000	0.120676	0.000437
2240.000000	0.131540	0.000180
2250.000000	0.143307	0.000591
2260.000000	0.154276	0.001719
2270.000000	0.168619	0.000441
2280.000000	0.174305	0.000502
2290.000000	0.175259	0.000299
2300.000000	0.172397	0.000474
2310.000000	0.170019	0.000363
2320.000000	0.167222	0.000233
2330.000000	0.162901	0.000375
2340.000000	0.155056	0.001005
2350.000000	0.148722	0.000450
2360.000000	0.140808	0.000488
2370.000000	0.133523	0.000622
2380.000000	0.124391	0.000400
2390.000000	0.116140	0.000383
2400.000000	0.109723	0.000455
2410.000000	0.104190	0.000596
2420.000000	0.100405	0.000760
2430.000000	0.099345	0.000348
2440.000000	0.100766	0.000824
2450.000000	0.104045	0.000441
2460.000000	0.108758	0.000509
2470.000000	0.112876	0.000595
2480.000000	0.114894	0.000632
2490.000000	0.114169	0.000528
2500.000000	0.112028	0.000387
2510.000000	0.108014	0.000475
2520.000000	0.104585	0.000343
2530.000000	0.102328	0.000660
2540.000000	0.100803	0.001517
2550.000000	0.093654	0.000928
2560.000000	0.096814	0.001011
2570.000000	0.090353	0.001377
2580.000000	0.090840	0.000822
2590.000000	0.091251	0.007041
2600.000000	0.085832	0.001230
2610.000000	0.085268	0.000811
2620.000000	0.079406	0.001276
2630.000000	0.074820	0.000957
2640.000000	0.073572	0.001393
2650.000000	0.073566	0.000908
2660.000000	0.078642	0.002418
2670.000000	0.069520	0.003508
2680.000000	0.057863	0.003822
2690.000000	0.049633	0.005710
2700.000000	0.048987	0.000759
2710.000000	0.041108	0.005076
2720.000000	0.038110	0.001647
2730.000000	0.032674	0.001291
2740.000000	0.027959	0.002628
2750.000000	0.021899	0.001310
2760.000000	0.027078	0.006613
2770.000000	0.015459	0.001166
2780.000000	0.014599	0.000940
2790.000000	0.010421	0.000950
2800.000000	0.012091	0.001492
2810.000000	0.009075	0.001724
2820.000000	0.009196	0.002212
2830.000000	0.008412	0.000682
2840.000000	0.008554	0.000816
2850.000000	0.008092	0.000378
2860.000000	0.007092	0.000452
2870.000000	0.006586	0.000183
2880.000000	0.007526	0.000560
2890.000000	0.007387	0.000377
2900.000000	0.007447	0.000360
2910.000000	0.008326	0.000325
2920.000000	0.009341	0.000303
2930.000000	0.010635	0.000516
2940.000000	0.011359	0.000479
2950.000000	0.014224	0.000641
2960.000000	0.015201	0.000448
2970.000000	0.016854	0.000397
2980.000000	0.018311	0.000359
2990.000000	0.020148	0.000216
3000.000000	0.021748	0.000290
3010.000000	0.023086	0.001566
3020.000000	0.026836	0.000356
3030.000000	0.028549	0.000218
3040.000000	0.030402	0.000365
3050.000000	0.032080	0.000448
3060.000000	0.034065	0.000333
3070.000000	0.035005	0.000549
3080.000000	0.036072	0.000502
3090.000000	0.037166	0.000387
3100.000000	0.037388	0.000354
3110.000000	0.038096	0.000223
3120.000000	0.038253	0.000298
3130.000000	0.038733	0.000430
3140.000000	0.038988	0.000322
3150.000000	0.038795	0.000258
3160.000000	0.037551	0.000499
3170.000000	0.036823	0.000381
3180.000000	0.036263	0.000263
3190.000000	0.035463	0.000267
3200.000000	0.034685	0.000274
3220.000000	0.033695	0.000401
3240.000000	0.033567	0.000282
3260.000000	0.034178	0.000257
3280.000000	0.034271	0.000343
3300.000000	0.034891	0.000320
3320.000000	0.034795	0.000407
3340.000000	0.033910	0.000339
3360.000000	0.032975	0.000366
3380.000000	0.032018	0.000334
3400.000000	0.030726	0.000638
3420.000000	0.030152	0.000219
3440.000000	0.029138	0.000219
3460.000000	0.028843	0.000407
3480.000000	0.029080	0.000266
3500.000000	0.028592	0.000499
3520.000000	0.029623	0.000358
3540.000000	0.030084	0.000412
3560.000000	0.029758	0.000656
3580.000000	0.030119	0.000351
3600.000000	0.030543	0.000473
3620.000000	0.030469	0.000409
3640.000000	0.030937	0.000637
3660.000000	0.032472	0.000483
3680.000000	0.033878	0.000452
3700.000000	0.034826	0.000557
3720.000000	0.035875	0.000589
3740.000000	0.035027	0.000300
3760.000000	0.037282	0.000662
3780.000000	0.037886	0.000711
3800.000000	0.038715	0.000558
3820.000000	0.040226	0.001064
3840.000000	0.043540	0.003175
3860.000000	0.040968	0.000431
3880.000000	0.040989	0.000383
3900.000000	0.040069	0.000691
3920.000000	0.040047	0.000878
3940.000000	0.039340	0.000848
3960.000000	0.039748	0.000996
3980.000000	0.038053	0.000799
4000.000000	0.036991	0.000699
4020.000000	0.037528	0.000583
4040.000000	0.036697	0.001206
4060.000000	0.035244	0.000819
4080.000000	0.034578	0.001508
4100.000000	0.036774	0.002061
4120.000000	0.034148	0.001443
4140.000000	0.032306	0.001553
4160.000000	0.033641	0.001470
4180.000000	0.033534	0.001207
